369
188
757
494
758
294
34
224
321
227
650
GraphMatrix
0,517,826,929,38,417,368,364,318,573,10000,
517,598,254,975,140,725,616,612,860,566,10000,
826,254,555,440,69,31,673,347,10000,81,10000,
929,975,440,610,817,253,111,10000,10000,10000,10000,
38,140,69,817,0,10000,10000,10000,10000,888,10000,
417,725,31,253,10000,0,133,10000,10000,10000,10000,
368,616,673,111,10000,133,0,10000,10000,10000,10000,
364,612,347,10000,10000,10000,10000,0,10000,10000,10000,
318,860,10000,10000,10000,10000,10000,10000,0,15,10000,
573,566,81,10000,888,10000,10000,10000,15,0,10000,
10000,10000,10000,10000,10000,10000,10000,10000,10000,10000,0,
The End
