277
426
839
502
288
673
749
334
776
593
GraphMatrix
0,10000,251,475,30,10000,10000,10000,10000,606,
10000,587,855,670,683,10000,10000,309,10000,831,
251,855,870,576,10000,889,406,10000,913,10000,
475,670,576,999,275,271,10000,10000,10000,10000,
30,683,10000,275,0,10000,10000,10000,10000,10000,
10000,10000,889,271,10000,0,10000,819,10000,10000,
10000,10000,406,10000,10000,10000,0,10000,10000,348,
10000,309,10000,10000,10000,819,10000,0,281,10000,
10000,10000,913,10000,10000,10000,10000,281,0,10000,
606,831,10000,10000,10000,10000,348,10000,10000,0,
The End
