395
535
221
393
806
343
525
309
9
GraphMatrix
543,664,416,313,304,638,820,378,10000,
664,771,713,52,567,10000,858,484,775,
416,713,170,82,644,10000,10000,10000,10000,
313,52,82,0,10000,10000,10000,10000,10000,
304,567,644,10000,0,74,10000,10000,10000,
638,10000,10000,10000,74,0,639,10000,10000,
820,858,10000,10000,10000,639,0,10000,10000,
378,484,10000,10000,10000,10000,10000,0,384,
10000,775,10000,10000,10000,10000,10000,384,0,
The End
